time    flux    error
100 45.68167367 0.9840524834
 200 53.67800758    0.9357657203
 300 63.81806958 0.982122072
 400    59.09039118 0.9425231245
 500 53.50623821    0.8955242814
 600 57.05786183 0.9276976322
 700    51.69516039 0.8814123958
 800 48.20495241    0.8523790313
 900 40.98338452 0.8451815853
 1000    33.04796584 0.7057021165
 1100 33.82872939    0.7128604801
 1200 28.7664591 0.6598226135
 1300    25.13436196 0.614882535
 1400 23.1758704    0.5898556869
 1500 21.59943914 1.893746954
 1600    24.04434143 1.276796935
 1700 26.48924372    0.6598469165
 1800 27.25408603 0.6414347173
 1900    25.35485223 0.6181049048
 2000 23.05401207    0.5887709314
 2100 21.45534823 0.5669234617
 2200    21.64715789 0.5703497631
 2300 23.55412684    0.5960823828
 2400 25.03150804 0.6159127347
 2500    22.2992643 0.5795729559
 2600 20.23766954    0.5527189112
 2700 20.72133158 0.5599595408
 2800    21.95803731 0.5759990634
 2900 25.39927477    0.6180858401
 3000 32.87937896 0.7033541895
 3100    30.97611764 0.6828075039
 3200 31.4777915    0.6891480306
 3300 30.58912345 0.6752599623
 3400    30.57965646 0.6774255389
 3500 29.68047328    0.6695650016
 3600 36.17314205 0.7367924826
 3700    34.77841678 0.7989801674
 3800 35.5996346    0.7312131046
 3900 35.21096739 0.7281108396
 4000    31.77542229 0.69276391
 4100 33.03128071    0.7061101554
 4200 36.03605007 0.7342279096
 4300    30.99270104 0.6835165529
 4400 30.61403832    0.6789810492
 4500 34.68143059 0.7223150853
 4600    32.98677972 0.7053519283
 4700 35.25834799    0.7309886897
 4800 32.64341487 0.7006664226
 4900    33.69443856 0.7126609942
 5000 30.7882583    0.6804054837
 5100 26.33626875 0.6308122438
 5200    26.95143969 0.6378889949
 5300 30.56827285    0.678287764
 5400 32.99397739 0.7065033271
 5500    33.65480899 0.7106316612
 5600 32.82261921    0.7022780172
 5700 37.88082451 0.7538940874
 5800    41.22516013 0.7886587318
 5900 43.0201088    0.805644697
 6000 42.2255195 0.7968892691
 6100    44.58669912 0.8192100449
 6200 38.08965029    0.7574812829
 6300 35.18414907 0.7289179011
 6400    38.53573828 0.7619680902
 6500 51.48383193    0.8817863524
 6600 60.11624941 0.9511881189
 6700    54.37306272 0.9051031752
 6800 50.84811463    0.875143465
 6900 47.90032539 0.8495757673
 7000    49.50320472 0.8634166945
 7100 47.63929112    0.845582145
 7200 47.5400089 0.8465609016
 7300    52.16556999 0.8874183533
 7400 46.82323338    0.8405787883
 7500 43.76335478 0.8116165982
 7600    49.42878909 0.8612991175
 7700 45.22494311    0.8251395082
 7800 40.07611957 0.9483791156
 7900    45.42481912 0.8277922957
 8000 62.37016441    0.9704459721
 8100 60.11077075 0.9516677229
 8200    56.7353254 0.9241746344
 8300 55.27504969    0.9138715861
 8400 58.50936254 0.9380324714
 8500    61.11597133 0.9601212966
 8600 62.0353101    0.9645074213
 8700 71.57670221 1.039081689
 8800    63.13923038 0.9743764057
 8900 55.87335185    0.9199710531
 9000 55.49458403 0.9138407438
 9100    60.88248902 0.9570500089
 9200 57.39131607    0.9287822674
 9300 53.88051226 0.9008355515
 9400    46.25402359 0.8340050931
 9500 47.06630191    0.8427469157
 9600 48.17543712 0.8520326956
 9700    51.87496571 0.8840927823
 9800 49.10950485    0.8593958576
 9900 51.55548874 0.881033846
 10000    48.31003795 0.8533743162
 10100 47.03368124    0.841567162
 10200 51.26795882 0.8778843629
 10300    53.0492058 0.8931571473
 10400 60.15558595    0.9535014662
 10500 54.78480859 0.9081066134
 10600    51.13788276 0.8800594818
 10700 51.68468998    0.883982825
 10800 45.84330753 0.8326348908
 10900    43.32149588 0.8081912087
 11000 39.87002313    0.7727681389
 11100 32.92918063 0.7064674766
 11200    28.8274141 0.6584936506
 11300 31.84590092    0.6943604587
 11400 32.27759847 0.6978660867
 11500    34.90905945 0.7250437407
 11600 37.59567929    0.7504859615
 11700 39.30391586 0.7906995639
 11800    41.41125882 0.791835674
 11900 45.29369373    0.8257103614
 12000 44.03328784 0.8146721663
 12100    44.79375844 0.8202643571
 12200 43.99554409    0.8156936597
 12300 44.57592268 0.8194368107
 12400    41.83210573 0.7936901734
 12500 36.60416161    0.743303272
 12600 32.29765911 0.7007067172
 12700    30.63884902 0.6790490948
 12800 35.04976836    0.7272276888
 12900 40.74551837 0.7835469237
 13000    37.63957135 0.7529314532
 13100 39.72641703    0.7726721182
 13200 39.11034403 0.7673439983
 13300    42.14206549 0.7962811193
 13400 37.69549513    0.7528097867
 13500 30.2227972 0.6746848645
 13600    27.50835821 0.645622254
 13700 29.19471218    0.6632833407
 13800 33.44853265 0.7103558698
 13900    32.37030379 0.698776013
 14000 37.02388476    0.7939442353
 14100 46.44223085 0.8361771688
 14200    50.14519399 0.868283967
 14300 46.94793986    0.8414623905
 14400 47.41706027 0.8469484003
 14500    44.59860838 0.8198061463
 14600 46.31941709    0.8341865133
 14700 45.7372886 0.8314103228
 14800    45.24352072 0.8262010405
 14900 44.35822837    0.8176838281
 15000 47.64877934 0.8458412208
 15100    53.55525577 0.8999354329
 15200 49.76963049    0.866486047
 15300 50.50150969 0.8712260966
 15400    52.91424456 0.8917799095
 15500 57.2501246    0.9285343373
 15600 45.60561925 0.8289723246
 15700    40.47875597 0.7809596702
 15800 38.28028935    0.7587929129
 15900 34.59819431 0.7214823907
 16000    40.26311131 0.7792016068
 16100 44.63432704    0.8187774358
 16200 45.1531274 0.8252086661
 16300    44.2909146 0.8175593597
 16400 37.3802221    0.7507312689
 16500 34.9737501 0.7241845521
 16600    33.89325851 0.7128377775
 16700 35.45608691    0.7318356
 16800 38.5174482 0.762140297
 16900    50.56393116 0.8727448021
 17000 50.19628026    0.8713383063
 17100 50.62471674 0.8737495826
 17200    50.52394748 0.8716136853
 17300 52.84794761    0.8903263514
 17400 48.40089306 0.8526786828
 17500    41.6096635 0.8180146651
 17600 41.74227932    0.7945567112
 17700 37.06555024 0.7485633274
 17800    31.67664011 0.6903092786
 17900 32.6749818    0.7004942275
 18000 27.06176531 0.6389071411
 18100    21.54756949 0.5696237999
 18200 20.79742435    0.5601326325
 18300 21.40363622 0.5688217805
 18400    23.86902619 0.5996704664
 18500 29.63416533    0.6669825613
 18600 35.97963594 0.7388918939
 18700    35.71230842 0.7351192082
 18800 31.44827559    0.6876710374
 18900 32.75027672 0.7085099827
 19000    35.15483836 0.7304750035
 19100 32.3895727    0.6969855428
 19200 31.85046511 0.69189312
 19300    29.85508213 0.6716506046
 19400 33.01748094    0.7050872144
 19500 38.85529096 0.7663760115
 19600    37.41002093 0.7484498904
 19700 40.49865064    0.7806751833
 19800 48.26382482 0.851125956
 19900    44.91952799 0.8233435555
 20000 42.04994516    0.7957976674
 20100 42.36010793 0.7975732945
 20200    46.0154293 0.8341433217
 20300 45.57789375    0.8293909115
 20400 43.87962327 0.8132725876
 20500    45.15547025 0.8252691851
 20600 44.00299403    0.8134754775
 20700 41.64789754 0.7930256991
 20800    43.23599195 0.805349432
 20900 45.65281132    0.8288473575
 21000 39.67096735 0.7748298009
 21100    36.21088722 0.738814763
 21200 33.14088335    0.704949074
 21300 32.32397927 0.6955012189
 21400    29.24197768 0.6645805259
 21500 26.09370315    0.6262176403
 21600 22.83549686 0.5860533882
 21700    20.54022608 0.5566118485
 21800 20.75585028    0.5595198
 21900 22.01436205 0.5765269808
 22000    23.33853527 0.5907967719
 22100 27.88800139    0.6482437713
 22200 28.48123669 0.6556855417
 22300    25.63914183 0.6221663911
 22400 24.81308431    0.6113309996
 22500 24.96782263 0.61377793
 22600    28.77120228 0.6605433899
 22700 26.10643484    0.6266443906
 22800 29.72116364 0.6695496979
 22900    29.57042767 0.6693279999
 23000 28.86543181    0.658721989
 23100 28.10908469 0.6496402514
 23200    29.71770887 0.6706730724
 23300 30.68524765    0.6791526218
 23400 36.61707066 0.742402913
 23500    45.49981896 0.8282250819
 23600 45.70655595    0.8292162417
 23700 37.90537452 0.7573730315
 23800    33.08429922 0.7049911581
 23900 31.06955235    0.6841728172
 24000 31.96015722 0.6939891041
 24100    32.37597773 0.6965798593
 24200 33.65474476    0.712056927
 24300 33.32854356 0.7106239879
 24400    30.50265908 0.6781349798
 24500 29.03018923    0.6610168727
 24600 28.09830012 0.6513822529
 24700    30.74904585 0.6813632852
 24800 32.65792456    0.7015947582
 24900 35.44882053 0.7317108313
 25000    40.66824789 0.7822246602
 25100 37.32300751    0.751179989
 25200 33.87531342 0.7162955035
 25300    30.54927782 0.6786990871
 25400 27.49410496    0.6452909073
 25500 25.28848832 0.6182101752
 25600    26.89778282 0.6361913591
 25700 29.57018428    0.6658881404
 25800 33.09514728 0.7188004965
 25900    34.23226414 0.7196828629
 26000 37.6281006    0.7534196768
 26100 42.0096291 0.7963481199
 26200    39.03818266 0.7663083203
 26300 40.99395986    0.7880392775
 26400 45.54107197 0.8303151694
 26500    50.50534666 0.8732441177
 26600 41.57326396    0.7914994494
 26700 40.89282619 0.7837967933
 26800    39.48345229 0.7719978468
 26900 44.38988895    0.8174282424
 27000 41.53004786 0.7924192618
 27100    42.12993711 0.7977741937
 27200 36.7605728    0.7431026791
 27300 39.16331477 0.7687901964
 27400    39.49274717 0.7713111405
 27500 36.39609222    0.7401643648
 27600 27.58896637 0.6450197074
 27700    26.00181552 0.6264070766
 27800 25.76304091    0.6221826198
 27900 25.62521766 0.6195578568
 28000    25.54201994 0.6211841477
 28100 27.14468636    0.6387962906
 28200 25.54766492 0.6208440382
 28300    26.42600936 0.6305005795
 28400 26.3504965    0.6305322627
 28500 26.7297542 0.6381360991
 28600    30.63410901 0.6784506541
 28700 28.29440516    0.6540364494
 28800 22.66929228 0.5877503275
 28900    21.2104547 0.5646878512
 29000 24.90655783    0.6127218636
 29100 25.56797323 0.62184335
 29200    23.74080081 0.5980793363
 29300 20.489186    0.5531790585
 29400 22.95193684 0.5889825296
 29500    28.46998842 0.6540536292
 29600 25.54480953    0.6199214411
 29700 20.29814333 0.5548482641
 29800    20.28867137 0.5546724652
 29900 20.16273595    0.5509271622
 30000 19.09274574 0.5359793318
 30100    18.18587784 0.5226010433
 30200 17.55241039    0.513615722
 30300 17.13020653 0.5080069515
 30400    18.26652168 0.5241644914
 30500 18.6533564    0.5313632251
 30600 18.66587556 0.5316092761
 30700    17.69943522 0.5168874824
 30800 16.20831047    0.4942845207
 30900 17.10403173 0.5060907032
 31000    15.8368537 0.4905712486
 31100 15.54188318    0.4836252883
 31200 17.26612309 0.5109955219
 31300    17.29153169 0.5112392611
 31400 16.44890747    0.4982164175
 31500 14.97639909 0.4752004162
 31600    12.70972585 0.4380070568
 31700 14.35086214    0.4662832018
 31800 13.90915342 0.4593340034
 31900    16.61453331 0.5008515757
 32000 14.67994042    0.4695571769
 32100 13.14430111 0.4468009668
 32200    13.44860557 0.4509512063
 32300 14.34407996    0.4669323042
 32400 13.42989243 0.4498184705
 32500    13.15872862 0.4469841755
 32600 13.18227084    0.446046032
 32700 11.71748859 0.421000203
 32800    10.37650517 0.3948783807
 32900 11.25207644    0.4130107614
 33000 10.1834074 0.3930356401
 33100    11.01149664 0.4082233332
 33200 9.678881221    0.3826440588
 33300 9.477010015 0.3782481799
 33400    10.5286328 0.3983593904
 33500 10.81030943    0.4053634726
 33600 10.30410611 0.394849116
 33700    10.22542856 0.3939562757
 33800 10.80193411    0.4024175411
 33900 12.02103333 0.4257565187
 34000    13.28142696 0.447140114
 34100 14.07346478    0.4600611266
 34200 13.67598982 0.4539343119
 34300    14.12663637 0.4611045407
 34400 13.67854505    0.4551427895
 34500 15.18410516 0.4796039824
 34600    13.7074602 0.4526101572
 34700 13.78497443    0.4552585246
 34800 13.50665928 0.4503322544
 34900    14.81292292 0.4728522227
 35000 15.10366014    0.4776184215
 35100 13.12145617 0.4446447719
 35200    12.40162239 0.4308272735
 35300 17.33436828    0.512399755
 35400 17.13298037 0.5099481601
 35500    12.96728884 0.4650445792
 35600 15.34714179    0.4853325866
 35700 15.42723232 0.4864735403
 35800    15.26926037 0.4786531534
 35900 17.3935123    0.5140906095
 36000 21.1231228 0.5682236096
 36100    21.30544876 0.5716993987
 36200 21.94182343    0.576617366
 36300 24.70528555 0.6083315493
 36400    26.49621971 0.6317694823
 36500 23.58177128    0.59619484
 36600 22.86235405 0.5873124514
 36700    32.49411753 0.6997681584
 36800 34.51876534    0.7194462215
 36900 28.44131019 0.655605453
 37000    28.28569382 0.651334549
 37100 27.26993352    0.6421399022
 37200 21.1749685 0.564562336
 37300    16.62171291 0.5004689179
 37400 16.14418526    0.4938523965
 37500 15.73948575 0.4875701887
 37600    13.79939978 0.4549124524
 37700 13.67897646    0.4552015056
 37800 13.25586496 0.4463782016
 37900    14.57147557 0.4689829223
 38000 16.35694161    0.4963810134
 38100 17.6986761 0.5166583246
 38200    16.13762157 0.4938481959
 38300 15.0967491    0.4769646369
 38400 15.98286449 0.4906504905
 38500    18.77643639 0.5403392063
 38600 19.06925466    0.534557874
 38700 19.79518859 0.5459398244
 38800    20.2005754 0.5511792796
 38900 17.45274346    0.5134970749
 39000 19.06498972 0.5365151106
 39100    23.15938829 0.5905172451
 39200 24.024617    0.6017153943
 39300 23.51679687 0.5953749115
 39400    26.47418551 0.6314829185
 39500 26.03240429    0.626702242
 39600 26.78570343 0.6367441113
 39700    26.4589886 0.6310248076
 39800 21.9747054    0.5796045672
 39900 21.75098313 0.5788341786
 40000    24.03728539 0.614451245
 40100 26.91972788    0.6410238744
 40200 31.58158757 0.6936376659
 40300    29.16390825 0.6617360725
 40400 28.16209324    0.6561253073
 40500 28.877148 0.6640928887
 40600    30.30681031 0.6791562779
 40700 31.52157103    0.6924600097
 40800 34.61786884 0.7264393484
 40900    31.2741886 0.6912986594
 41000 28.61725029    0.6646025911
 41100 23.46842919 0.6063394518
 41200    27.52908068 0.6521355209
 41300 26.05857427    0.6338399042
 41400 27.38668813 0.6511062022
 41500    28.78153296 0.6673437646
 41600 28.70145359    0.6619375347
 41700 29.00626479 0.6899184096
 41800    27.13593379 0.6464907055
 41900 28.4552647    0.6597776418
 42000 26.08038442 0.6352861465
 42100    24.29175867 0.6116017447
 42200 22.07347977    0.5778248268
 42300 19.36966916 0.5415207581
 42400    18.43478161 0.5280808633
 42500 19.0762964    0.5364670369
 42600 19.33598267 0.5388094589
 42700    18.59666071 0.5288649366
 42800 20.11246807    0.5519311615
 42900 22.91996369 0.5889596844
 43000    23.66771673 0.602115691
 43100 24.27659731    0.6103796716
 43200 28.91928466 0.6616409261
 43300    29.3515868 0.6680601925
 43400 30.83676151    0.6851523026
 43500 30.32156323 0.6803221539
 43600    30.09142746 0.6779150889
 43700 32.3685597    0.7701871652
 43800 39.5392379 0.7741711936
 43900    39.21899021 0.7728088651
 44000 38.02022638    0.7599087462
 44100 31.49021513 0.6948751464
 44200    24.36304453 0.6148063914
 44300 19.2580847    0.5443014852
 44400 19.70129809 0.5479418772
 44500    20.84530056 0.5660390966
 44600 26.09874759    0.6326948522
 44700 26.54691758 0.6357416015
 44800    29.94957081 0.6752721679
 44900 31.56021762    0.6965380674
 45000 29.4087006 0.6702085984
 45100    27.32368242 0.6474072761
 45200 25.03388938    0.6227104713
 45300 24.02936258 0.609924354
 45400    23.16854904 0.5999876131
 45500 24.26888074    0.6145905593
 45600 19.77314929 0.5564564147
 45700    18.14220503 0.5337804018
 45800 17.06246278    0.5171388627
 45900 17.45937786 0.5185743804
 46000    19.74103123 0.552869449
 46100 19.71441585    0.8108036118
 46200 20.87565351 0.5664426897
 46300    22.12506093 0.5822471546
 46400 21.06832761    0.5728836591
 46500 20.3445498 0.5633209017
 46600    19.43028395 0.5549322602
 46700 20.27949048    0.562423531
 46800 18.91179513 0.5400250463
 46900    19.99248423 0.5555684049
 47000 20.84264135    0.5660603373
 47100 18.74497998 0.5383001014
 47200    18.63370015 0.5374697376
 47300 22.16084084    0.5895658863
 47400 27.50401997 0.654269196
 47500    22.67871165 0.5915953683
 47600 24.93452315    0.6189823366
 47700 23.25217574 0.5972998136
 47800    19.46455484 0.5504688195
 47900 17.62350207    0.5216634566
 48000 16.66987135 0.5105964412
 48100    15.32598429 0.4857832254
 48200 14.10784136    0.4698048772
 48300 15.59662463 0.4916313438
 48400    19.81648385 0.552712492
 48500 19.01729853    0.5419573549
 48600 19.64840493 0.5496510548
 48700    19.55078639 0.5488272716
 48800 18.64967518    0.5386477079
 48900 21.73705085 0.5825150246
 49000    23.47688202 0.6056034946
 49100 24.81437332    0.6198081893
 49200 22.40891194 0.589952724
 49300    21.63141301 0.5774705061
 49400 19.71830516    0.5507805805
 49500 20.79602096 0.5680412735
 49600    19.3834752 0.5470402568
 49700 16.50905183    0.5032055702
 49800 14.17457826 0.465540821
 49900    12.93125315 0.444993186
 50000 14.77948445    0.4772972873
 50100 15.86162171 0.495568845
 50200    17.5158204 0.5200804166
 50300 19.3453415    0.547808591
 50400 17.94418117 0.5236056156
 50500    17.31662331 0.5136868712
 50600 18.87665477    0.535958041
 50700 21.37539629 0.5721440893
 50800    18.96533604 0.5366390863
 50900 17.92643345    0.5278023456
 51000 17.70003466 0.5247200715
 51100    21.83615464 0.5795891664
 51200 24.62596803    0.61606838
 51300 22.52500251 0.5911177017
 51400    22.72103324 0.5954094048
 51500 17.48391046    0.5253189122
 51600 13.12902693 0.460279649
 51700    12.18809233 0.442479851
 51800 12.4548179    0.4492241926
 51900 13.16032044 0.4606257491
 52000    12.24726117 0.4447242593
 52100 12.60127327    0.4469706304
 52200 10.47922283 0.4075536236
 52300    10.73155309 0.4124887341
 52400 10.51627777    0.4104392917
 52500 10.47324927 0.4097654729
 52600    10.96745998 0.4133338185
 52700 12.22920744    0.4363531445
 52800 11.36527519 0.4285909629
 52900    10.89940522 0.4217624735
 53000 9.912193441    0.403079771
 53100 10.34191942 0.4124525043
 53200    9.064532254 0.3851697438
 53300 7.738115645    0.358421271
 53400 7.665677992 0.3565168111
 53500    8.429208853 0.3747554183
 53600 7.825132535    0.3623195942
 53700 7.418796184 0.3558777141
 53800    7.543966555 0.3598816469
 53900 7.415580432    0.3527133416
 54000 6.804548606 0.3386303061
 54100    6.786192658 0.3306740224
 54200 7.277110102    0.3419543732
 54300 7.647853348 0.3520547071
 54400    7.419722958 0.3423192761
 54500 7.24125203    0.336451667
 54600 6.899983377 0.3269176167
 54700    8.721518212 0.3694300723
 54800 8.923491887    0.3727939438
 54900 8.476493294 0.3600609257
 55000    7.931814928 0.3504399299
 55100 6.86426367    0.3262169216
 55200 7.86586909 0.3448281574
 55300    8.43802831 0.3561620337
 55400 8.328431142    0.3543170933
 55500 7.849308167 0.3460015251
 55600    6.832870891 0.3228936383
 55700 7.528923688    0.3393368124
 55800 7.777868765 0.3420959308
 55900    7.09178855 0.3271076902
 56000 7.604586037    0.3389574061
 56100 7.213298352 0.3298729981
 56200    8.289278021 0.3541449643
 56300 9.714447986    0.3851925777
 56400 11.07445467 0.4069529681
 56500    9.583709846 0.377443808
 56600 11.21235911    0.4109362866
 56700 9.101873448 0.3701865937
 56800    9.683677197 0.381375343
 56900 10.44875769    0.3985627527
 57000 9.865444973 0.3867988706
 57100    9.666901179 0.3821077895
 57200 8.472895375    0.3568489526
 57300 7.369648033 0.3342933506
 57400    8.104649557 0.3485837259
 57500 8.920448987    0.366253096
 57600 9.663788584 0.3817013171
 57700    8.379052136 0.3542102606
 57800 8.463903755    0.3577916717
 57900 9.47504097 0.3796600727
 58000    8.271588192 0.352472595
 58100 6.604089191    0.3149581498
 58200 6.619893512 0.3181271508
 58300    5.955272898 0.3004362221
 58400 6.635747683    0.3185891257
 58500 7.270660745 0.3295147372
 58600    7.574990939 0.3397509134
 58700 7.666167769    0.3384278761
 58800 7.061698074 0.3252699109
 58900    8.068545074 0.3493041197
 59000 6.994523228    0.3247843551
 59100 6.365779934 0.3119577974
 59200    6.47049919 0.3136808229
 59300 5.86804799    0.2963304341
 59400 5.804925867 0.2964331607
 59500    5.47977104 0.2888098439
 59600 5.939381987    0.2984664158
 59700 6.407587765 0.3105983068
 59800    6.959477794 0.3255210006
 59900 7.521161741    0.3353382242
 60000 8.240189639 0.354708279
 60100    8.181769711 0.3515941973
 60200 7.345323305    0.3333025522
 60300 7.246225605 0.3317605625
 60400    7.293433775 0.3322267656
 60500 6.608467317    0.317098869
 60600 7.75055899 0.3427113994
 60700    7.742789117 0.3442802529
 60800 6.798138716    0.3219988485
 60900 7.132967857 0.3275119923
 61000    7.152399673 0.3289981639
 61100 6.195922609    0.3044910413
 61200 6.095507343 0.3016002
 61300    6.042036542 0.2995539055
 61400 6.303089897    0.3080522888
 61500 8.037577597 0.3486619337
 61600    9.550093839 0.3788613873
 61700 9.516922346    0.3784552339
 61800 10.36936052 0.3959826307
 61900    10.08329253 0.3892139303
 62000 9.342600044    0.3749541839
 62100 10.30060522 0.3933916132
 62200    10.68715885 0.402846777
 62300 11.00810549    0.4076547858
 62400 9.872658181 0.3850320874
 62500    11.81914381 0.421786878
 62600 11.38350215    0.4134293174
 62700 11.09158922 0.4086531073
 62800    11.77797152 0.4217640252
 62900 13.45637667    0.4497371948
 63000 12.82083801 0.4389389067
 63100    13.05660814 0.4446589602
 63200 13.75471356    0.4557124229
 63300 12.78382386 0.4408642945
 63400    10.55412981 0.3990577707
 63500 11.76717972    0.4236159987
 63600 13.78659491 0.4574178298
 63700    14.77018865 0.4750523821
 63800 16.12791288    0.4967117342
 63900 15.09641888 0.4851071097
 64000    15.55503671 0.4894466459
 64100 14.953201    0.4801802506
 64200 18.95934009 0.5407165935
 64300    17.56218911 0.522379506
 64400 16.15196709    0.4965899518
 64500 17.99315768 0.5296358471
 64600    18.11205558 0.5320561383
 64700 20.3327456    0.5641296135
 64800 18.02458062 0.5320336865
 64900    20.18084625 0.5604024147
 65000 21.7529759    0.5766466022
 65100 25.30363542 0.6256273862
 65200    28.32597939 0.6569186242
 65300 30.14844418    0.6768674728
 65400 29.88031707 0.6731134722
 65500    30.71442489 0.6807108809
 65600 31.02415068    0.6862220706
 65700 31.28557102 0.6906118975
 65800    32.75089785 0.7063081092
 65900 30.89747639    0.6845922612
 66000 32.68178054 0.7040725833
 66100    33.92545338 0.7167611857
 66200 31.54995361    0.6920395591
 66300 29.77995817 0.6722842004
 66400    32.00430111 0.6934689342
 66500 29.22631785    0.6662352694
 66600 26.14535552 0.633472496
 66700    26.63764052 0.6367131752
 66800 24.29375777    0.6082659518
 66900 25.20903955 0.6221315799
 67000    32.87581497 0.7083645485
 67100 34.59747035    0.726746585
 67200 28.59453066 0.6609375366
 67300    29.23393537 0.6669778702
 67400 26.70822746    0.6385497647
 67500 24.59768747 0.6130206842
 67600    24.98724675 0.6198280999
 67700 23.34490108    0.5983316024
 67800 23.24849392 0.5963860052
 67900    25.25350496 0.6207099446
 68000 24.98380814    0.6134592616
 68100 24.98133762 0.6195990376
 68200    24.46503272 0.6106728506
 68300 27.67548242    0.6515504735
 68400 24.9451977 0.6209484915
 68500    27.80238093 0.6536458124
 68600 27.84965425    0.6495303521
 68700 29.85888117 0.6751972856
 68800    28.89049031 0.6571615207
 68900 24.67718904    0.6061451024
 69000 26.13821383 0.6280722374
 69100    25.40631763 0.6199359785
 69200 26.53570263    0.6332198622
 69300 24.64947274 0.6104233794
 69400    27.13069269 0.6392911213
 69500 25.15193471    0.6169466048
 69600 27.93360562 0.6473656375
 69700    27.621709 0.6481574552
 69800 33.92680721    0.7184482415
 69900 33.91399937 0.7168103344
 70000    35.06096013 0.7293825032
 70100 41.09551579    0.7890370245
 70200 42.2909048 0.8010901331
 70300    37.76436075 0.7602142658
 70400 34.23568208    0.7250827418
 70500 38.34337844 0.7651431659
 70600    33.4372802 0.7167339101
 70700 30.29495883    0.6845948628
 70800 28.97171337 0.6682780935
 70900    25.96802162 0.6327802502
 71000 27.50314736    0.6522442612
 71100 26.99935729 0.6447628248
 71200    27.39427158 0.6476615656
 71300 28.09762429    0.6540247732
 71400 28.57826928 0.6605986002
 71500    28.81436481 0.662730643
 71600 28.16356396    0.6552065607
 71700 26.75735602 0.6374608747
 71800    29.62795545 0.6712793773
 71900 29.47718897    0.6661909641
 72000 30.39894559 0.6760186468
 72100    28.34686594 0.6527484835
 72200 29.0014165    0.6615648705
 72300 28.03121096 0.6517877023
 72400    30.79202418 0.6833934381
 72500 34.8010562    0.7249659638
 72600 33.52618159 0.7094616172
 72700    30.66450012 0.6834150656
 72800 29.32227703    0.6654672045
 72900 26.46860168 0.6328573768
 73000    23.05730366 0.5916465803
 73100 21.81557669    0.5765357664
 73200 23.64364571 0.6005148201
 73300    26.35533989 0.6332151992
 73400 28.91760955    0.6650364774
 73500 24.4176172 0.6143741608
 73600    19.11024873 0.5443060209
 73700 16.43677439    0.5084373875
 73800 15.71069628 0.4960560702
 73900    20.52662032 0.5663198769
 74000 29.25058685    0.6660043188
 74100 37.19167659 0.7512488237
 74200    43.08358619 0.8111445077
 74300 45.71501792    0.8295931701
 74400 55.58141758 0.9146413881
 74500    46.74862859 0.8379637613
 74600 42.95029293    0.8049756367
 74700 45.65660187 0.8286624041
 74800    44.74594886 0.8222321806
 74900 41.16359491    0.7870482555
 75000 45.32740176 0.827129538
 75100    47.97224294 0.8501287613
 75200 46.39474371    0.8359370956
 75300 47.35266511 0.8442537985
 75400    44.84176634 0.8195910898
 75500 51.11281225    0.8779069375
 75600 48.17176068 0.8512674614
 75700    44.98634697 0.8243139019
 75800 42.91977163    0.8033028024
 75900 42.05522896 0.7935132567
 76000    38.99899519 0.7652695708
 76100 38.1754024    0.7584758722
 76200 38.48027349 0.7615124463
 76300    39.40700406 0.7706793257
 76400 40.05931964    0.7781274187
 76500 39.13793983 0.769563905
 76600    34.85968006 0.7245094077
 76700 35.23455586    0.7304732445
 76800 33.19672352 0.7051779735
 76900    35.39115997 0.7302343415
 77000 38.0196891    0.7571034636
 77100 40.18889218 0.7776054443
 77200    38.15383191 0.7580780063
 77300 38.94907797    0.7663124361
 77400 37.23975628 0.7484255358
 77500    43.9475273 0.8126590972
 77600 48.65171459    0.857631523
 77700 49.68920066 0.865317719
 77800    41.07878407 0.7849930337
 77900 39.98008055    0.7753390997
 78000 37.36833976 0.7513787546
 78100    40.30175547 0.7796081367
 78200 47.57044226    0.8463884046
 78300 52.09573596 0.8860758771
 78400    64.32554022 0.9834226665
 78500 66.05954671    0.9979267136
 78600 64.18370399 0.9821700006
 78700    73.34039398 1.050841121
 78800 67.06873069    1.002724788
 78900 72.77435324 1.046050816
 79000    69.23558567 1.022962647
 79100 73.82715587    1.054633116
 79200 77.51624108 1.082175465
 79300    78.52031513 1.090536592
 79400 82.51740943    1.117790926
 79500 82.92051141 1.118073688
 79600    84.43414652 1.129003921
 79700 82.22059059    1.113121929
 79800 86.98221017 1.1456206
 79900    82.65795219 1.116011961
 80000 71.79358579    1.042955884
 80100 78.1232814 1.086071698
 80200    78.92790987 1.093291851
 80300 83.45350456    1.123114187
 80400 81.44936087 1.111956017
 80500    78.56082104 1.090193968
 80600 64.9052048    0.9903627515
 80700 54.83075366 0.9123275352
 80800    54.97169976 0.9126958602
 80900 57.81437843    0.9364437297
 81000 47.48531241 0.8505208163
 81100    43.80837749 0.8174433467
 81200 39.14104468    0.7706862452
 81300 36.75875161 0.7496324989
 81400    37.23056902 0.7524530981
 81500 36.64255366    0.7484743811
 81600 32.98830452 0.7122442125
 81700    33.19349179 0.7122485835
 81800 35.18657258    0.7304507367
 81900 34.9984569 0.7265346514
 82000    35.64862443 0.7377840696
 82100 35.473954    0.737690105
 82200 31.07656465 0.6908399651
 82300    28.85797083 0.6655990508
 82400 29.42692985    0.6745475747
 82500 27.69267162 0.6531347648
 82600    23.56727507 0.6035511556
 82700 24.9944695    0.6202664153
 82800 32.17146708 0.7007868976
 82900    39.34195836 0.7766965387
 83000 38.21444485    0.7640235339
 83100 37.21386523 0.7534406812
 83200    36.76748582 0.7529155027
 83300 34.74061921    0.7277675797
 83400 34.61153209 0.7283433822
 83500    32.98879993 0.7143094966
 83600 37.86766347    0.7646685288
 83700 36.36264822 0.7489246903
 83800    37.40175308 0.7606257612
 83900 32.26059872    0.7056305621
 84000 32.9084304 0.7107985937
 84100    30.12373393 0.6766309045
 84200 25.9035275    0.6391869522
 84300 26.14273877 0.6491542705
 84400    31.48982816 0.7004749983
 84500 31.53226378    0.6989917148
 84600 30.04890411 0.6858023147
 84700    29.76932529 0.6783984204
 84800 29.16724912    0.6700120242
 84900 25.89446123 0.632657602
 85000    22.71374448 0.591269957
 85100 23.04742685    0.5909397954
 85200 25.22725606 0.6178621459
 85300    22.50632849 0.5814410048
 85400 21.31592099    0.5657779696
 85500 22.53509947 0.5828962719
 85600    26.32842467 0.6266361046
 85700 26.16705683    0.629965307
 85800 26.14751335 0.6362618932
 85900    26.9660715 0.6409197326
 86000 29.14480803    0.6664441886
 86100 29.29343262 0.6683574261
 86200    31.43076623 0.6938651646
 86300 34.54485293    0.725838668
 86400 37.34901772 0.7572259321
 86500    37.89182174 0.7627520189
 86600 40.0686492    0.7871042695
 86700 39.5414622 0.7735343991
 86800    51.69099871 0.8874271803
 86900 53.37408076    0.9015340216
 87000 53.85684483 0.9043731795
 87100    58.64188662 0.9458508136
 87200 53.53066225    0.9079005896
 87300 47.86011424 0.8562175914
 87400    41.21223086 0.7971898434
 87500 43.67580898    0.8193684108
 87600 44.98176212 0.8284509398
 87700    47.41675782 0.8511667451
 87800 54.50956396    0.9126674806
 87900 57.48001401 0.934079952
 88000    63.29636225 0.9785064304
 88100 58.44480001    0.9383246108
 88200 55.23206647 0.9122316569
 88300    55.0905542 0.910563095
 88400 60.4732941    0.9532575471
 88500 65.67612587 0.9955668485
 88600    58.9085483 0.9420212848
 88700 52.15445039    0.8859058372
 88800 48.65422739 0.8570442374
 88900    53.94963798 0.9072364184
 89000 48.40200045    0.8549128684
 89100 47.09378179 0.8418661306
 89200    41.39667063 0.7905477472
 89300 45.48302994    0.8282092124
 89400 44.26572768 0.8171207123
 89500    49.0229315 0.863107724
 89600 44.58644826    0.8230520099
 89700 44.19711086 0.8195831319
 89800    50.41293469 0.8769553512
 89900 48.57081706    0.8567413535
 90000 48.82229095 0.8585576131
 90100    48.2358278 0.8591098494
 90200 47.21643564    0.847636451
 90300 55.34112429 0.9155372082
 90400    53.82905998 0.9005729997
 90500 47.528966    0.8493554006
 90600 48.86412536 0.8571819297
 90700    49.65108954 0.8647777356
 90800 46.89553292    0.8471362246
 90900 43.56567498 0.8174362977
 91000    47.89741342 0.8563057259
 91100 54.94819824    0.9108848119
 91200 58.11974984 0.9342410162
 91300    56.21010334 0.9193738201
 91400 58.60375449    0.9427722107
 91500 52.053418 0.8891682955
 91600    44.21008423 0.8175879239
 91700 43.49554407    0.8092303045
 91800 46.92089957 0.8400301478
 91900    50.56558733 0.8725551232
 92000 50.06368964    0.8682925005
 92100 40.8064837 0.7854407897
 92200    39.26399296 0.7717059755
 92300 43.79908917    0.8127927663
 92400 42.14192508 0.7974461086
 92500    38.93767092 0.7709707049
 92600 35.13967508    0.7349507527
 92700 39.94203216 0.7810862085
 92800    31.8886553 0.7030914561
 92900 29.09979957    0.6713991303
 93000 30.98811564 0.689537341
 93100    29.42010447 0.6754383758
 93200 33.28011994    0.7178021676
 93300 40.63430691 0.7895722086
 93400    40.80996904 0.7915144347
 93500 35.74233969    0.739740339
 93600 35.14673967 0.733235021
 93700    37.55634624 0.7627418406
 93800 34.32704359    0.7312150514
 93900 28.58601823 0.6695233001
 94000    28.25945847 0.6663961444
 94100 26.27824868    0.6559083418
 94200 26.85916688 0.6519080464
 94300    26.87654737 0.6493617586
 94400 24.986057    0.6257847738
 94500 23.32535874 0.6022601418
 94600    23.66384971 0.6045263059
 94700 22.35058112    0.590109645
 94800 20.98055766 0.5697815023
 94900    21.60289486 0.5782631145
 95000 25.19494541    0.6289025339
 95100 26.09825621 0.6390965199
 95200    28.10572016 0.6596648155
 95300 28.26862135    0.6619716212
 95400 26.94938443 0.6464961975
 95500    23.2544742 0.6028835098
 95600 21.08076511    0.5709826989
 95700 17.69302833 0.5250911616
 95800    17.47143445 0.5248271821
 95900 16.54226264    0.5112499397
 96000 15.5993555 0.4944691807
 96100    17.65591638 0.5301183486
 96200 19.41858196    0.5466530883
 96300 24.01294763 0.605830249
 96400    20.69819334 0.5656981304
 96500 20.74446731    0.5663171011
 96600 21.71393099 0.5800070469
 96700    21.54672508 0.5780978004
 96800 24.98885079    0.6237177963
 96900 27.17407585 0.6548461919
 97000    27.9146129 0.6598179248
 97100 28.96098022    0.6673459997
 97200 33.63176544 0.7136299803
 97300    33.55121736 0.7164004329
 97400 33.46680426    0.7155955991
 97500 32.15355432 0.7000520208
 97600    28.48491229 0.6616900282
 97700 26.74749924    0.6423729075
 97800 28.17386733 0.6588227844
 97900    32.34390252 0.7052866523
 98000 42.3213345    0.8051522737
 98100 43.4548651 0.8160427696
 98200    37.77479209 0.7629854886
 98300 32.78728797    0.7123896803
 98400 27.08396793 0.6463830869
 98500    29.42167365 0.6733386465
 98600 31.01349636    0.6929424862
 98700 33.94847723 0.723211056
 98800    37.04415295 0.7553578895
 98900 34.268952    0.7278286656
 99000 40.78859116 0.7890627171
 99100    54.18089234 1.083063729
 99200 63.15531248    0.9803839894
 99300 57.10501417 0.932506625
 99400    61.4238149 0.9655720147
 99500 63.83278696    0.9850595294
 99600 61.07605986 0.962566191
 99700    54.38213746 0.9100553555
 99800 54.02012021    0.907559613
 99900 60.62142936 0.9614090707
 100000    56.59007449 0.9315393747
 100100 53.36210883    0.9003486774
 100200 57.39377588 0.9599189163
 100300    50.13491606 2.821024929
 100400 50.94493722    0.8831818282
 100500 49.12891898 0.8664506537
 100600    51.59340144 0.8914828906
 100700 56.57363825    0.931978306
 100800 59.89695558 0.9586898921
 100900    57.94510992 0.9424654808
 101000 63.20142029    0.9816360222
 101100 59.18698599 0.9509108542
 101200    50.89067708 0.8816717782
 101300 49.02357829    0.8660626772
 101400 54.08792391 0.9088115511
 101500    62.27046063 0.9740674857
 101600 57.07470483    0.9339324936
 101700 49.1354162 0.8697500306
 101800    43.08471248 0.8144020231
 101900 34.82935865    0.733977813
 102000 34.90403872 0.7353892846
 102100    32.47860938 0.7087894693
 102200 27.84565328    0.655521535
 102300 23.45690524 0.6053571639
 102400    23.61133904 0.6084298335
 102500 26.86072203    0.6466509714
 102600 33.53727068 0.7182876205
 102700    34.67335367 0.7331297223
 102800 32.10600652    0.7100246117
 102900 33.08535976 0.7180931942
 103000    38.22115617 0.7712940284
 103100 41.53842378    0.8048323822
 103200 42.17832968 0.8083290598
 103300    46.95597898 0.8467484621
 103400 45.42734629    0.8404915187
 103500 50.83071734 0.8943395354
 103600    48.72576381 0.8781449848
 103700 43.40537793    0.8278092731
 103800 37.64044803 0.7772180056
 103900    40.93117804 0.8067781986
 104000 44.12075012    0.8387285371
 104100 47.87026069 0.8670213938
 104200    40.70116804 0.8115234763
 104300 48.68622818    0.8739171708
 104400 53.21725608 0.9149437678
 104500    48.15166494 0.8729496449
 104600 45.26863546    0.842165701
 104700 43.29868602 0.8219667824
 104800    42.47905571 0.8163363306
 104900 44.0588149    0.8407021675
 105000 42.73069492 0.8243124214
 105100    40.84274945 0.8074819662
 105200 47.23031374    0.863035297
 105300 47.01389231 0.8611425941
 105400    42.23300608 0.8110499226
 105500 42.42190478    0.811677927
 105600 37.71111663 0.7684962513
 105700    31.25682272 0.7014804201
 105800 29.1337457    0.684853397
 105900 33.45786906 0.7265767149
 106000    45.38784652 0.8402881484
 106100 43.3495129    0.8214998529
 106200 38.59145434 0.781478265
 106300    36.67235669 0.7657663465
 106400 37.63268824    0.828703661
 106500 33.4976827 0.7408064487
 106600    34.365379 0.816488007
 106700 32.58927636    0.7353396603
 106800 27.74095762 0.768408618
 106900    20.13786808 0.6083455188
 107000 18.47394739    0.5780545035
 107100 21.07785269 0.6193898964
 107200    23.83332174 0.7026790506
 107300 18.38235428    0.5782304765
 107400 16.6117698 0.5609731476
 107500    16.80863831 0.5657412564
 107600 17.58555047    0.570503172
 107700 15.17359374 0.5336008623
 107800    12.96601328 0.4966030012
 107900 11.18599623    0.4787055353
 108000 11.3520328 0.4732666184
 108100    9.747954312 0.4437977326
 108200 10.47062944    0.4486904378
 108300 9.841257277 0.4492836691
 108400    14.30717587 0.5192661138
 108500 16.48663547    0.5496084017
 108600 12.87288978 0.4919883267
 108700    11.63464382 0.4832172655
 108800 10.99430671    0.4787633769
 108900 11.8457815 0.4898808593
 109000    11.99194064 0.4841448433
 109100 11.33244074    0.4714241302
 109200 11.78778826 0.484632073
 109300    11.79304303 0.4802656371
 109400 12.38693555    0.4899474196
 109500 13.30485712 0.5162569321
 109600    13.44292832 0.5245132831
 109700 13.66981638    0.5187337764
 109800 14.79552808 0.5343789971
 109900    12.34179459 0.5026619012
 110000 11.10038637    0.4885303322
 110100 10.6684777 0.4806372906
 110200    11.93427913 0.4964900042
 110300 9.506119579    0.4643090039
 110400 9.370614579 0.4574809752
 110500    9.858634641 0.4781273316
 110600 10.29563166    0.4743769024
 110700 9.730857448 0.4513550099
 110800    7.739498261 0.4182474766
 110900 6.199650615    0.3853213829
 111000 6.12192885 0.3704035878
 111100    6.018373645 0.3667293346
 111200 5.675967276    0.3609135078
 111300 4.537709147 0.3305766296
 111400    5.218002826 0.3472805819
 111500 5.102277826    0.3387214896
 111600 5.246320787 0.3503226935
 111700    4.752824867 0.3245935303
 111800 4.265052917    0.3022121911
 111900 4.454910331 0.3033856484
 112000    5.044699019 0.3229730797
 112100 4.814648584    0.3156875634
 112200 5.923697798 0.3499494892
 112300    5.008721711 0.3239801958
 112400 6.108319123    0.3562634802
 112500 8.574534798 0.4059133409
 112600    9.90224695 0.4353767835
 112700 8.635847363    0.4102456579
 112800 8.256611449 0.4079929748
 112900    6.611377674 0.3849842368
 113000 7.377712568    0.3918923446
 113100 7.007930897 0.3894872191
 113200    8.422647685 0.4021297351
 113300 9.579595414    0.4314418246
 113400 10.32300313 0.4389647663
 113500    10.55004234 0.4440527932
 113600 9.948409661    0.4391263185
 113700 10.24575852 0.4402327681
 113800    9.329026612 0.424482215
 113900 8.141856354    0.4094567394
 114000 8.613576183 0.4269676008
 114100    7.760540632 0.4087026547
 114200 8.922216194    0.433254698
 114300 7.183138254 0.4002038789
 114400    7.881710255 0.4118622681
 114500 8.112895495    0.4170033421
 114600 9.70770266 0.4453022315
 114700    9.496114798 0.4508461719
 114800 8.732125639    0.4288393771
 114900 7.163917141 0.4046393063
 115000    7.616649872 0.4123996594
 115100 6.372217686    0.4009828764
 115200 6.911285577 0.4025713053
 115300    6.9003786 0.4025219992
 115400 6.23886917    0.3909231295
 115500 6.150125738 0.3916878565
 115600    5.226169644 0.3699030591
 115700 4.923149637    0.3604130901
 115800 4.420022257 0.3496564249
 115900    4.401704119 0.3504004024
 116000 4.248326929    0.3342976011
 116100 5.423851356 0.3677627748
 116200    6.046335612 0.3818723598
 116300 5.29018685    0.3700341619
 116400 5.771583922 0.3772463539
 116500    6.265054203 0.3809781641
 116600 6.766553395    0.3941623389
 116700 6.589076185 0.3922411096
 116800    6.707740843 0.3981607149
 116900 8.676980135    0.4286433476
 117000 8.545649073 0.4261259678
